31
207
593
198971
394
486
1033
229
115
0
13986158
1092
94
2258
19500
477
197
1067
0
47
1898
146
1
45
355
55
2
27674
98
1325
4
47
0
3
307
36
85
0
61
129
28
68
5
89
274
65
154
14
219
16
78399
11277
13
157
501503
1403
2140
3748
1434
200
11153
2
6
29
2421
263
43
15196
1083
279
119
109
181
1494
64
42
42
43
3
0
2675
116
512
1
113881
20
33
7
441
171
44
22975
42
279
115793
33
2065
2
0
0
5509
1
2642
77
135
1569
1031
55
425
11218
7
32
139
96
69
81
0
18
1373
15
1062
145
47
870
138
255179
12
0
10
621
58
0
26
288
778511
37238
168
33
3
591
26
8
3023
18
21
351
130
84
31
12264
4
334920
5
797
17
147
13
8408
176
191
8848
28
42
21
260
20
61767
0
32
114
1565
347
11
327
11
127
95
1087
9
16
166
10
92
1
61
0
2028
132227
214
128
154
28
0
6
561
81
535
42202
138
153
14317
116
615
106
125
12
129
680
10
1
116306
947
178
163
478079
9672
7
814942
47
108
5
1
797
740
69
221
1670
192
1
162
102
15
7127
0
59
65
90
1710
1188
225
58
0
182
18
1545
90
1
1
6754
150
37
11008
142
161
4321
159
111572
403
8
33
1446
586
74
91
1851
54119
930
198649
156
37
136916
193
73
214
47
10
0
0
10239
3
7
449
34
201
8
1
0
7394
14
57
118
3
11282
21644
102
10
547
0
119
641
17
212
5699
186
258
0
0
320
598
99
310
117
554
21
20577
21
0
21
96
159
655
15877
1016
183
13
5290
126
0
109
1410
335
423
253
20001
3074
35305
155022
1366
0
0
0
2
1325
65
1
19
5
0
1
1039
26
4952
274
169
17
48
1022
619750
0
542721
49
51033
0
29913
420
1046
201
129
20
48
213
1
571
0
66
24
123
87
67
120
1193561
228
36
22510
55
1678
232
48
29
2290132
1108
63
63
71
18
0
111659
238
0
171
19
93
158
127
13
1072
139
86
22
0
53
71
29
138
164
0
0
244
30
10
0
37430
143
5587
68
3
6
271
1
19
2120
44
3
2254
82
7
10
17
464
10
2263
58
177
12
155
118
169
214
1
151
46
2382
0
184
133
314
29
445
192
16
1
1139
13
863
133
162
123
0
132
20
9
1634
1903
26
49973
114
601
152
54
604
342
62
6
31
83570
8578
127
19
0
4
10
675
8792
163
1
1098
153
286
294
0
0
21
276
149921
35527
24494
221405
72
65
74024
111
16307
20
292
0
0
8
855
36
2
81
9
1101
31
1119
86
14
39
229
3
611
74
60
22738
3
0
188
10
658
4691
199
11
0
1061
175
10
21
142
10
670
0
1256
137
46
941
0
98
0
38
28
1088
8
6
53
974
5107
0
50623
67061
75
174
559
65
242740
29853
203
4813
68
2
56
199
913
56
118
439
108
0
0
5
34
163
50
5457
1277
10
125
414
382
10
127
644
18
16505
182748
0
159
12649
7337
251948
110
5
1980
172
58
5
10055
202
120
2
38971
25
51
138
0
354
55
0
610
66
1
0
48
126
66
1004
1058
21
5
63
410
180
1116738
2056019
101
229
1713528
1
377
520831
95270
5
108
7
102
0
11936
1
2845
172
22
152
44
171
138
115
0
12
440
112
209
54
80
13734
400
34
158
293
1
12785
1
1174
38
96
274
2647
337
79
981
0
0
61
3
22
94
18112
164
118
46
31
19
4
141
15
109
17
129
10560
93
5621
39
2
13
134
31
9
321
464
12641
0
11
13
107
320
122
677
5
4
65
197
1572
151
469
167
35
29
112
2
224
39
595
37
248
145648
34
29
0
0
22
3122
23
15
0
37
0
1136
37
115
5
47
1213
375
170
3
31
38
189
63
4
819191
1584
17
228
53
110
132
25039
4
96
8
309
64
0
911
334
1414
0
128
55
457
26
6
409466
1028
167
66
0
91
345
120
41
456
5
714
19
272
127
0
104011
1
1
0
1578
249
3
1499
81
98
19
950
544942
78049
111
231
110
300
276
6
0
5
0
6699
502729
208074
9
96
68
83
6647
127
31374
93
11
122648
4
432
56
37
3935
109
89
65
22665
49
1
80543
190
41
5602
59
123
99
45
7
0
44
6
47
724
1
103
107074
81
343
654
329
4
33
477
724
120
46
252
173
22
1877
247
277
105
1
35
15
15
39
223
2152
312
465
2196
13
4
59
0
20
3
2440
10232
1028
87985
94
86
160
2543
2153
2
20
67
55990
2379
38
269
3
49
14
243
24
753
2134
1098
88
104364
1
0
32
208
112
179
0
19
10
40
275
339
1
492
18
0
112
321
3
43757
786
13
176
1
397
122
20
1
2461
136
66
1736
4
4664
203
393
0
86
50
171
29
0
0
36
9
268
52
35
67
31
396
19
1
20
211
26
709
8
9
3
0
103
122
50
147
42
0
11
34
6
75
66
23
31609
59
283
750
0
2148
65
27
293
7
487
78
21437
1167
1514
0
236
0
2
122
105
27
206
75
6
121
4
16
91
36
77
3600
1
90908
473860
5432
300
363
58
549
356
155
78841
53
33
36
171
2172052
54
2189
22664
235
0
156
1641
69
22
24620
43
90
19
0
22
1262
10
23
84
3851
25
0
14
3
2
55
371
495
19
2991
47
201265
57956
124
491
26
64
3104
208
236
315
10
62
36
15
96
22
0
184
0
117
0
31
11
202
133
0
0
2376
320
14805
24
16717
151
3
26
213
697
2147
497
77520
110622
91
91
490
251
96
16
11828
2169
48
48
7
24
173
73
4
20
3
375
119
48
933
34
4
249
896
1
31
31
472
21
284
367
216637
3915
1
63154
843
3
137
249
217
56
68
60
573
3641403
53
136
34
15
3
25
971
304
8
588
91
1168372
1
0
1115
8
529
5112
447
36
318
26
33259
17117
355
137
228
37
82
80435
39
25
14450
627
0
297
36
8028
5
134
2651
128
110
0
0
273
25
546
22
61
0
876
94
369
1112731
894476
8
82
591
85
26
510
15
0
1
22
44
58
3055
15978
1608
0
7
174
0
3845
507
1
1025
2
102
17
38
10
18
237
36
1155
407
1
118
0
412
21
1054
565
30150
3146
258
10
1031
158
1124
18
35
0
96
0
16
7739
71
604
1036
184
151
50
302
0
1837
38
37
17379
33
22
83
41
51
264
80
8
143
11
2536
151
43
271069
5
5845
7
241
11294
3597
1
112
57
7
46
15
192
76
188
40
1576
14
1
453
638
70
3
1912
457
385
100
38
6
422
129101
111
1
12
52
6
118
610
16
239
1
17
165
28
230
0
75
37
104
530
1991554
8
21053
0
343
1880
672
17
2
1171
1
5
19650
27603
1872
22
123
12022
677
2
1023
5
0
410
115
107
2
0
21
77
0
734
0
0
36
1732
346
43
284
190
17
722088
208
108
36
2284
1494
820256
2
11
1517
157
19
9
73
82
207
0
5
279057
183
27
29
2
81
154
51
12
1
16
58
2
5
27
2
3
1147
62
332
17
10948
0
8226
1527
2134
387
69
69
152
442
32
9
0
6176
15050
31
75251
845
0
32
22
22
73
452
17476
562
27
3
1761
110
79
959
7
3
1319
1
18
82
33
31
1
326
817
10
0
190
9
5
2
358
3
2
255
225
14391
78
22
30
2
2
85
143
373
441
2745
621
160
79
819
1
25968
0
0
0
3
382115
40
31
1
1
26
100
0
613
276
2963
145
99
557
0
154
1062
1562
19
0
239
45
3
1397
7769
23
0
8
13
30
583
27
374
114
137
112
0
25
34
103
110
132
10
173
1614
24
60
3131
81
113
71
631
12
38
1
4394
86
5
8413
273628
1
72
0
520
55
172
1
4
155
267
181
44
308
364
805
9593
1042
2355
404
206
8
163209
0
40
27
1159
50
96
2
10
64
563
108
1980627
1
137
1
221
31
384
61
878
90
28
570
595
1
30
11
7
38
43
7
103
478
64
105
19
1427
8640
0
106
6
0
0
233
110
0
231
449
90
174
93
0
39
12030
332
1060
46
68
1
5
46
368
3
23
3
275
19
0
0
727
1593
0
0
6438
62
89
412
3
17040
5
37
583
84086
27
0
4
39
87
1800228
564
47
65
501
1
444
36
7
6
4
224
11656
7096
86
752
25
2
353
457
1193
3
81
188
1
63
10879
847
299
712
3
0
29
1
243
425
9
2900
108
731
174
1361
1
60
19
1
183
61
24
140
23
107137
8
236
793
1453
46
94
1
139
50
620
2038480
76
6827
141
168
26
1368
0
26818
84156
60
2
255
453
158
109
386
2110
865
40
73
35
93757
153
480
24
137
58
143
52
56
151
4673
4448
2250
229
373
106
436
11
1318022
0
72
211
0
12
123641
569
0
181565
2126829
112
37
0
96
17099
97
0
3
4
74
103
12602
12978
43
173
3327
1216
301
157
84
820
65
84076
26
150
119
0
137
209
0
62
14863
794
1726
44
10621
17
81
104542
44
139
135
319
32
45
394
65
111
476
34
43
39
102550
215
46
95
7
5
116
233
1551
13
263
3250
1
1585
73
21
29
92
21
130
36
1
273
12512
0
6
124
593
96
81
1377
186
122
57
11
14
51
47
8
0
188
10713
13
9470
196
6772
25
2861
443
91
38
59
1
24
55
13
152
0
47
82
139
10
254
4838
705
35
947
94
5
66
156
679726
61428
427
604319
68
8723
161
53
126
45
114
214
0
48
307
716
105
12
12
1845
369
64
77
124
156
69
109
109
0
700
3144
186
19
102
168
971
2
3163
103
128
123
219
43193
182
35
117
5
551
0
16
25
25
1
76
83
10243
1
3505
459
20
2
32327
11
13
55
6853
440
1310
0
1
181
77689
67
39
45373
139
52
1097
0
7
12
0
68
2358
105
111
49
9
191
11
1275
152
26
23
0
183
2
257452
315
181
60
223
50
78
1
109
39
1739
360
203168
0
11
391
12
8
11671
61
51
91
34
13285
65
125
27
28
12
42
29786
1
2
0
100437
34
88
89469
1598
0
0
56
9
108
582
15
23052
15
14
20
10023
25
1
0
209
3547
29
459
5
76
58
0
221
171
91
0
592374
28
30
617
1073
241
161
89
109
130
117
34
52
1057
3402
1271
376
2285
107
3
9
19
619
1755
221
77
13222
19
44
1944
0
302
258
1259
1121
81
164
242
71
1062
78798
194
2
91
277
215
18777
28129
626
313
24
0
59263
404
1115
374
192
16
23
112
2336
984028
252
0
18
52
81
151
47
43
369
4755
170
30
8
0
35
6
36
226
16
22
13
0
156
29139
4
1337
138
123
75
919
75
60
10
0
0
25
393
187
1561
82
357
70
66
5
189
1137
74
164
9306
75
6456
371032
11
2855
10
4344
1011
71367
14
116
188
1110080
138
83
12
0
16
687
136
1
618
20422
155
295
747
78600
502
1
100
63
3
314
82
1
181
64
117
63
407537
47
2
1383
120100
21
33
110
113
111
1
68
743
29
169
130
9669
0
12843
111
37
232
7713
55
388
45
7
8486
35
38
0
347
236264
0
2
41
137000
20
177
106
155
29
117
1
216
1370
322
2
6231
445
63
0
405
1568
10790
178
31
6743
382
84
137
88
208
25
10
47
0
18
548712
37
189
0
112
434746
12
7
1679
141
23
219
7958
27286
100879
1362622
1431
57
162
1543
167
127
1065
201
66
86276
95
24
40
1031
1199
230
46
58
15
7
23
29794
191
105004
31
10
114
8
2536
2659
90
102
2060
1845
44
271
35
191
2319
102
3995
18109
22321
40
269
26
222
0
11
72
667
28
59
529
598
2
118
11369
92
2485
48193
12863
1129
2
48
1047
398
1101
9
400
51
6
603
10403
1503
579
74
21850
31
192
18569
20
7
75
7
0
60
0
178
24
4015
20
195
60
1328
45
196206
34
63
34
97
12519
21
570
251
289
11452
159
676
5251
12
4310
24
110936
124
0
456
34
896
68
29
241
282
160
174
6
7
91
24356
11
1218201
456
53
7
33
53
885149
1
231938
364
425548
470
25
8035
7419
59
9
78
14
38014
1019
27
70
17086
123
45
69
19
59
75
1
1663
912
159
20
23610
31
2
240
89
2587
675
6221
15
81
331
97
21
1969
205
629
40
581
133
48
92
100
1501
2
0
173
73
544
30170
5
0
118
1728
28
79
303
68
2
39
6
0
44
1194938
94
219
122
8
4462
621
21
13
494
278
15198
191
469
455
8
0
0
28
39
1
228
417
52
2
431
125
17
58
22
594
3
3
13
97326
1069
10227
3
147
532
538
2327
74
1
160
33
1
29
141
296
5734
5
236
10224
363
2
81
52
124
65
260
14
101
172
297
62069
2
80
164
41
159
18624
0
1165
1050
69
48
4
3
0
22
670
30
0
157
1
51
10
174
8
12590
221
83
1510
14956
1499
639
2160
138
0
0
120
1107
19
0
52
235742
102
67
55
154
188
64
23
5
151
29
173
165
3018
1
46
108
15
0
159
138
114
18
1290
107
2
270
10367
23761
18222
2
278
0
4420
6491
124869
782
94
426
112
146
40
258
47
3
2578
70
0
38
1900
297
22
12222
61
783451
2
1256
197318
7560
63
10
203
29
108
399
668
12
343
1467
36
130
12
515
144
54
28
63
22
126
306
40
1169
232571
329
2854
235
40
53
452871
124
442
21
157
81
113
939913
104
433
211
228
8
67
31
14
8
738
92
140
93
16
151
104
1
131
29
94
24
59
37
136
563
2690
47976
18
2454
335
9186
217
15
124
273
24
9
19
21
1227
39
10153
261
468
11
61
3
103
354
74
1109
294
128
3
13286
58
17
135
12598
179
8
6
29028
0
0
0
1
701
0
17
14492
163
11
179
9
8
68
2
13
156479
13118
331
25
1
395
1112
903
1
324
241
3
1421
270
77
784
0
20490
2753
0
133
4040
17
252
230
76
420
36
5
58
1336
71
92
1912
532
58
12
1841
4477
184
16943
115
181
283234
291
68
156
65
55
62
60657
55
135
243
37
156
102
43366
110
709
2190
442
27
559
6
30840
25
101
364
41
63
98
582
172
21
7
5
4029
90
67
692
0
3053
81
31
0
324
7
88
126
22020
106
39
147
13
362
10
40290
1454319
1172
617
8
17
46
2
69
0
201
718
54
5
102
0
476
1
1
453
86
0
275
48
57
6
176
1971
69
22
0
16
28
33343
142
26
7480
183
34
40
111
0
0
2279007
88
265
5
2819
13
54
258
202
11379
211
0
184
137
10280
34
1105
118
0
481
81
30581
191
215
894
4
523
903
20
12313
35
86
297
225
78
336
143
0
33
25
297
72
54
141
102
1
0
7
0
66
131167
6
66
24
1747
21
99
106
62
106
33
1031
308
119
148
104
0
82
285
384
2
1081
224
4
1016
2863
36768
0
0
94
301
1
0
0
0
8589
62
1111
69
108
240648
38
15
0
32
43
256
607253
5
377
196
104
0
83
71
50
19
87
417
171
4
100
5
3855
220
33
54
72
1111
12
69
49
207
39567
721
41
0
0
51
3372
454
7
103
412292
49
1442339
14
18381
829
7163
228
90
56
5996
37
66
198
286
31
19
366
330
763
1
10
52078
26
1
208
636
1035
7
9
1998
0
36
71
133
528
471
108
54
820
1566
9
69
2646
0
67
8034
20977
277855
60
130
0
20
85
34
21358
1056
168
12368
0
1737
1
0
0
7
505
0
46
24
0
31
54
0
202
184
10715
507
122
154443
2202
31
31
3
30
0
2
546
94
356
0
264
1075
806
500
110
10
0
1
1186
53
84
25
175
3530
130
1
200033
112
0
10247
59
351
149
925880
736
132
14
91
1116278
205467
523669
120603
25
54
4
4408
10245
17006
96
4095
235
17
9
101
24166
0
25742
204
1227
283023
136
20
147
38
54
115
54692
147
545
0
717
6
150
120
14340
2256751
449
2
1838
24
69
894
14
26
41
91
229
28
870806
81
164
2
79
1608
9
105
6859
2765
318
17
599
4
45
41
50
12
224
25
1094
127
193
70
8909
25
95
14
2
165
1549846
6
8
279
26
77
92
1915
302713
1
510
1351
107
552
0
10
10
5313
63
1369
71
409
85
179
9861
582
392
39
3
13
181
325
10586
28
128
115
47
535
310
402
88
2
34
0
419280
6529
510
345
48
94
205
2
87
160
159
2209
0
27
191
6669
2515
0
15
54
37
101
63
91
38
0
27
134
0
139
0
968
45
75
98
3028
90
81
132
284
430
165
12226
2264316
60
34815
5
2993
316
125
7
7
314
50
22
16
60
114
25
401
77
1
43
602
82532
95
595
14621
1176
2543
1
56457
59
7
0
3956
0
82
94
43
25508
0
5315
49
218
1159
15148
11
0
0
50
5158
11
183
820
22597
120
54
536
148
105
10533
12470
20
139
433263
1067
6
121
14691
141
995
1
523669
1244
159
189
96
246
2083
1153
32745
127
223
0
1
108
101
108368
190
0
197
76
3195
0
4
19
86
90
10595
1115
77
349
489673
0
22
5
441
12
101470
12917
341
1537
123097
352
4
914
535
0
59
1165
1305
1568
200
0
5
149
222
64
45
155
130
59771
59
150
213
124
77032
6
1873
224
15
108
24
93
31
4
124
116
214
0
26
12
3119
1303
415779
673240
0
120
149
88
132874
11
111
24
106
483
126
41
27612
25
59
0
0
7
77
99
1797215
16
64
0
39
13
25
172
70
0
164
82
16
3795
1608
16
8103
359
1160
160021
131827
31
0
27
5
88
80
178987
414
71
3
10361
48
57
717
338
269
873
1786
51
15
5624
1
1
1075
1525
21
41
1749
0
4708
367
1
207
26
22025
2
1
2871
145
157
140
70939
1233
431
117
4
1
9473
82
0
47
9
12
16060
60
303
126
387
2
101
183113
4959
62
119
35
126
22
302
89
148
0
100927
18
144059
103
56
0
237
85
27494
252854
716
109
18
34
212
238
0
272575
1
145
18
129
0
130870
96
53
148
0
29
9
86
144
1426
557
622
430
0
190555
66
0
77
918
436
267
69
3
80
10317
0
5
172
146
13
28
242
6359
1161
0
2253
56
82
31
98
109
365767
102
1
48
0
2
390
18866
14
98
1
75
16
42
0
105
5
501
110
57
1398
2
1953
65
3
38
37
1844
318
49
162951
207
23859
113
17
683
27
6543
0
35636
1
43
32
830
10
1623
3
176738
23
20363
154
161117
26
460
1
22
82
2
99
8757
182
244
27
12
10833
21560
327
34
131
1178
65
69
1088
156524
0
24
1430
92
209
141
6
9372
12552
15
17
1327
0
9
0
185
357
13
166
144
51
47
112
172
4
112126
155310
0
394
0
69
13737
332
17
12
208
41
320
112
1582
229
2
127
0
877
30269
203
56
319338
789318
7
8
43
147
4589
10604
47
56
74
101155
18
14
2263
1602
4
557
202
49506
106
705
811782
1042
3
1
11707
102069
13
2161
107
19286
276
2010879
8079
25
18
6
0
0
3
88
0
118
665
242
123
1839
125
0
9
10587
1
14857
113
11
61138
217
111
4443
3
0
780
291
23181
7
0
26
3
731
6
254
292
1482
3
616
318
300908
2
17
140
19
1342
10
144
244
20
0
6
737
926
110
476976
607151
58
19
482
24
50
19
154
133
39120
35
760
11
3
6
32
60
331
375
204
53
99
165
150239
103966
57
375
414
306907
322
149
921
249
92
243579
12
15
661
931
4329
55
531
1258382
103
1294
24
31361
5596
5897499
41
24206
83
1706
0
123
7
211
25
140891
3
2
285
0
10702
97
2
202
12
43
27
15716
253
21
1013
2548476
636
1113438
149
78
601048
23
3
346
0
292
593
22
269
181
43
62
112
204
510
85
921
135
114847
542551
29
20
0
39
83
28094
0
56
21434
20388
463
61344
52
367
41789
105
48
214
145
1101
10127
1574
251
30025
23
33
1393
55
65
92
684
27904
0
16164
16835
122
7
108
20361
123
120
35
705
36
618
213
58
6
3
493
147
137
9109
7420428
405
26
135
760187
41
49
23
2705
73760
0
153
35
20395
1
182
31
14
685
1
107
169
21207
6
973
330
4926
341
11
50633
39
96
39
520
0
21331
27
3
61
994
5
20606
0
153
0
21325
5
45
62
416
26
19
10
185
1368
1095
310
1469
0
113
57
207
32
77
27631
66346
105
573
22027
280
2963
5132
58
54
20346
151
55
546
1090
37
269
87
50
29
19
0
93
101
1600
292
1097
21088
2
1
70719
62
0
57
66
11632
12469
108
2905
20489
4
8
38652
477
13042
235
346
15
20856
283
21431
99
587
0
20486
0
20454
104
15
55
206
102
22145
21669
110142
70
870
15013
103
95
86
87
146
5364
757
21470
3302
444
52363
81
71445
18
20479
92
102
119
677
96
98
28936
90
101
119
78
21694
0
89
256182
62
14259
17
159
4
56364
601
110917
28
18
129
52
14
613
221
90
0
97
646
6
40
253
8621
24
39
59
320
30
84
12782
12
126
31
1161
14
71
101952
721488
0
4
69
20
13
13
108
55
29
3
13
114
93
1718
229542
45
22127
202
100
6
210
0
7
87
148
762
1550169
64
299
11180
0
0
5
40
3411
289470
18
114
52
958211
569
54477
11652
256
576
20906
91
39
14
112
62
9
616
187
178
200
10570
224
165
248
96
20485
430
112
3
17
102
95
31
1
0
1408
116
356
8102
1
0
42
10137
41
100
0
5
50
131422
101
111
112
10667
17
8
162
104
23192
187
124
0
98
2522
486000
3
109
57
0
237
106
0
10
15
0
36
217
4
0
34
1781
15
106
455
59
82
14
139355
17
22262
1319
19658
12914
333
7344
1511830
2
1
123
70
88
30
5635
631
108
19
753
7
160
101
93
108
97
2704
151
0
98
109942
102
174
10
1810
360
2201
320
10
29
3449
23
1033
98
167
2519
1072862
6
200882
1059
1208
95
0
802
842
8
384
256
0
223
77
12
16
115795
10619
10862
83
49
9
6
9
0
964
17
1321
101
588
0
5603
4346
0
2
100
40
1062860
80
821
1172
1217
106
164
11356
3878
9603
108
1
2346
110
282
85
96510
700
5122
1
86
188
126
3
194
18
109
42108
284
21694
34
14
129310
2
0
13
108
232
6
18
1
6
9
21
5008
12121
23550
218377
4910
20404
64
36
421
2218
5
1
26
12801
4824
7
88
591
130
445
3573
2587
11
7
3233
24
171
104
13
272
6303
105
1220393
0
114
146
1073
108
151171
13
158
3
463100
48
0
85
10695
203
51949
23
86
94
115041
10
5210
13
152
29
12
126
130
2
508
5715
252
4
65
155
32
138
0
15164
610
167
114
2480
1
8472
193
23037
1404
515
102
279
272979
3973
91
338
3908
87
3
135
254
1
755
11
1023
70236
56
58
1551
2276371
6787
32859
151
53
16
6
1003
11866
23
44
25
241
169
297491
298
3696
19
209654
13
13
2
31
689
59
105
103943
70
73
15
11948
16
287084
47
39
7
56561
338
51
584
38
2657
85
25243
18
43
85
46
269
30158
135
317
1
142
184
14
19
249
11
43
21
262
8265
0
19
15
1378
287
209
560
27834
289
3492
10081
1189
1
776
14
9
199
8
141
4824
1
6
16954
400295
0
57
0
815
139
462
385
18
78
44
138
24
7
295
3
21
0
10962
271
28075
14
6
274944
144
16
167
40
124
1
43
901
0
302
2818
2201
1
202
12
58
1226
692
634
171
428779
1
40
144
135
57
19
616660
3757
30
9
102
1
18
0
541
960
1
80
3
579
2
530
10594
588
161
79
5
18
27
1703
9907
24
4
7
186
1235
78
92
536
230
180136
102
1240
5826
21
31
0
21
180
32146
359
2664
6083
128
684
400
61
84
300
107
3
136
1036718
96
92
24210
0
116
117
7
66
0
575
3
10128
0
531
173
1082
11476
7
3
235
1154
8
15
290
3
966
2373
27209
98
20
57
0
20
20
3
3437
132
0
21
1909
417
23
465456
163634
1
7
1105
4064
116
0
1138
576
50
2984
15
2427
1667
488434
40549
0
25349
9
27
740
72358
43
9109
131377
117
0
142
145
2444
33621
4
2
39
9
0
26
12
2
15202
1170
2
1382
0
12972
9
29080
88
2
55
51
426
100
152
219
3
277
109
0
5
97
3
198
16
29516
35
139
18007
144
40096
58
89
321
0
59
2313
299
17
701
41
12
1
0
21782
8835
87
48
149
3
23609
55
0
2
127
145
22
164
1
1085
1288
379
0
9699
43375
134
7130
466
41
48
208184
122
414780
42764
28
61740
1500
92
2240
29
57
213
5
3
543
0
0
15
110594
241619
1344245
299
555
267
658228
120
16
229
90
0
0
194
7
165
1127
263
63
8512
24899
44
20
0
145
239
1
1
706
46166
223015
1103
642
181
0
0
27
152
1115
2
0
1118
582
2
427
17829
24189
163
69
105
2362
306
21
2637
415646
20
543
11
4223
10469
6287
169985
32
1542
6
166
4
3
639
20120
91
4984
656
0
11587
0
5111
5
0
2
7620
20
7
1364
33
56
20
0
411
298
207
754069
1315
1619
524
21
27
52
180
1
1948
133
50
34
16
0
307
457
0
15
55
54
0
1
104614
31
157
51706
222
25
141
6
321
4844
148
8
397
0
3279
1525
627
255
0
260
150
647
15
0
41
189
568
47
510
522
871
276
109
150
14854
22
287
139
768
24
147
58585
904
1634
221976
3
49
65
28281
294
36
86
310631
239
149
0
15
1485
37
148
12
17132
137
120
216
931
10045067
35
1111
22851
18098
148
119
168
37045
81
1978
227
55
37
25
20
1845
1030
50393
108
165
7
246
116
8012
506
57
5288
700
0
67
108
8
31454
74
5
0
1022451
46
82
52
1
305893
1902
1025
48261
11
658
486
107
209
4
22
3
498
94
16
25
6
114
95
28
3122
11846
44
115
1204
0
29371
30882
7266
592
0
2
213
0
308
0
1541
25
0
3948
66
310
17243
10152
697
122
44
255
251
49
595
118
0
167
141
40
126381
752
38
8
1550
12
127
652
65
78
336
232
318
16
78
113
1253
158
7
51
7
3
3
37
0
1214
11661
24
100
87
7
0
70
119
39231
0
420
465
47
1238
2388
21
49922
2
64
1264
173
10507
122
1736
67
5
42
8
2199
1215
17
32
3
2213
7
22
5536
0
0
4275
182071
41
160
15
1644192
141
0
80
276
1
23
0
429
1358
43
40648
110181
301464
21
1346
0
131
24
2042
7
0
3350
1404
143
65
784
108902
39
0
0
37
19
47
115
2
8
55
0
3
1
20
2592
0
266
50666
26
90
2855
193628
0
15
180
24
32
46443
1
26
20
5
22351
2
52
19
55026
61
177
420
318
120
1
11
44873
16
1025
10188
1
586
616
341
83
164
77
33
0
54594
152
21
0
7
10192
1
5
1
256
2
38654
120
0
0
37
1502
56
3143
30
73
1063
54
1577
110
1
34
28
11
110
1185
1652
0
1268
47
544
4129
95940
0
38
332
2978
0
64
59
30
5
3
2
25
368342
246
52
36
847
49
65302
2
106
38
125860
58
150
0
149
0
0
153
43
103
16
302
622
68872
4
39
2
18
159
12
1
4
0
7
1
9
0
12
67
78
523
49
94
1
13
152
173
121
0
100
2992
0
0
1
63
2
263
7
24
144
43
154
181
35
0
22
1
1292
1114
0
199
79473
5
943
19
403
3193
10
10
18
143583
0
0
161
21
0
413730
3211
1036
128
344
1148
192
98378
1
2
7
5
67
23866
10
149941
1
411
2
1
4501
455
35
860
0
13
96
1
299
0
0
3251814
63059
149
326
49912
251
5
29
2
75
3051
13
9
19
321
6
12
3
136
4
428
120
491
116
2
30
12
1002
242
0
0
5
1
84
127
2
23
1733
38
302
434
23
1
55201
1
63
244
187
362
1
163
11
17166
122
2
27
0
1
1
0
134
25
261
43060
78
92
37
76
1014
3
204
1
22
15
12680
181
100465
14
14802
41
95
19
5
307
557
5
0
6
799
207
608
275
2589
18290
30937
510
44
49425
62758
77
109
92
52
105
58
75
65
106
53
654
43
13
90
567
65
0
5257
37
28
38
94
3
221
42
36
14
177
1082
1054
388
1100
7
48
24
66
97
368
0
182
4
103
4
191
9
122
55557
41
243
1
100
13
73
223
136
0
103
2
0
413
319423
158
10983
41
2350
208
335
14
28
145
66
1216
10
148
261
234
35
47
505
170
21
5
426
70
148
953
4784
147
108
38
63
131
49
4
8
45
23
39613
9574
70
0
1
2562
87
2568
167
1
149
170
22
251
35
11
103
293
201
3
11
81
11
14571
387
132
0
21
6631
0
14
0
5
25
0
2
362
8
311
197
129
105
190
384131
51
0
1
24168
0
7385
1138
2071
92
53
58
723
3
40
3
979
70
604
106740
6
9
117
107
1547
1
1078
143
0
38
0
121
60
445
44
0
5578
8
93
5
17
82
4082
3213
65
126
287
31005
4
42
139
23
41
0
139
818
18
67
52
9994
8
9
131
196
319
39
35
0
487
1603
122
23
1049
88
126
39
4
66
278
544
119
53
38
35622
250
53
60
100
24
0
2
124
26042
14
437
0
0
601
10
21
24087
12904
31230
1022
4
13
2
4
4
5
78
14867
121
62
58
27
1826
52558
132
3
388
6
164446
141
7914
37
235
28
44
634
1
115
0
3
0
33
193
6
105
2
40
0
19
1
6
8
8160
14
80
3
5
1
4094
167
41
29
417
87
0
50
0
144
16
200
66
1614
60
1285
13
103
1126
208
92
54
113
48
126
15
5
0
29
2499
157
311
25
532
138
1032
105
0
7
2
75
20
82
5541
1124
129
43
201
12
81
48
144
0
7358
33
6
12670
169
1454
13
76
10
50
7
2039
363
150
101
16
124
66
55
1621
8
1007
502
10
0
6
29642
993
1
123
142
96
0
9
3880
70
0
7
1
47
57
97239
21
17
3630831
125
445
3735
513652
48
49
902
1319
21
123
22
226
160
137
73364
161
12
287
2
28320
6
1
43
14
18
76
39
123
390
40
0
65
232
35606
24
71
1121
478
71
166
146
0
508
8376
15725
15494
1393
9
12873
3
5022
895
52
19
1
153
1654
114
76814
205
12080
425
16
20
1345
0
370
101
159295
212
140
10590
31
8958
85
1
37
1553
386
16009
37
40
208
21
136
8
1446
147
104
986
149
10519
29
1777
0
1617
303
77
202
203
2188
10663
0
70865
1196
117
37
0
39
1223
265
0
570
279
7
15
314
45
2
72072
48
114
39
0
29
0
174
100
58
1110077
0
3
29
210
54
141
115
53
76
103
404
0
295
91
2365
7
43
12726
291
1
10291
3655
221
606
54
160
2
2855
309
433
8134
134
5
9472
148
119
47
171
3
269
239
0
91
18
115
78
4
113
21725
734
7
48
161
36
35
0
256878
3
316
240
10
0
167
20048
0
34
299818
0
9039
2108793
2
81
249
246
61
120
1
2074
0
54
64
414
217
153
2
39
306
52
33
0
8
360
0
6710
6
3633
13703
25
188
28
5572
18
69
959
137
113
0
3340
32
718
50
5486239
119
103
133
30730
65
33
105
70
113
18
252
0
23
3
164
25
573
784205
101
408
25
8479
94
187
54
5
55
64
0
2088
47
11
750
72
0
0
4
6
25
10
4381
363
1631
17
4
82
201
310629
23
310
59
73
8121
1
15
85
170
104
6885
160055
336
31
73
60956
68
1623539
18302
1
114
93
247568
18
19
272
82
94
155
3539
30
288
0
10217
10
49
170
53
494
50
5649
8
253
125
74
99
60
80310
432
1317
144
8
0
11
113
69
583
1
3546
1
294
12
1484095
3
74
2446
13
2
81
365951
490
466
3
75
0
175
103
301
208
7890
16
107
172
209922
219
10335
53
1
21
0
2
91
578
10171
19766
916
0
32
164
5306
4
82
3
79
0
2877
120
85131
649
167
174
13
72
1
95
464
90542
0
102
224
78299
4
889
86
487
752
215
53
5230
162
93
5
448
216
12479
7
30
559
153
35
129
37
5492
106
441
18492
76
152
6000
70141
16020
1217
26
1
38
672
1
56
43
49
4
126
98
1220
0
0
19
46551
1121
55
21
369
104
115
70
831
58
82
340987
72
2
0
0
2307
50900
137
4637
133
1410
175
1
1
2525
2391
94
4
38
550
38
43
1099
610
270624
286
96
8
104
97
82
218
24
49
57
91
164
609
8
145
98
1637
55
1051
106
32703
110
19
94
188
104
108
21305
9
28
18
34294
17822
841
73
243
87
0
78
1285
1143
29
44
1352
19
69
43
0
38936
71
127
0
341
4627
147
0
30583
92
0
132
25
175
59
343
17
72
122
30310
4436
99
27
541
78
102
113
72
51
53
2036
29
88
92
10701
19
3
38
8
2
15
86
720
61703
30804
17
98
273
73
179
453
52
35
286
49
180
1503
90400
152
98
1589
343
41
17
2697
49
64861
10
107
213
19
47961
30331
525
3
2659
22
110
24
88
1044
544
597
1
112
0
89
1
1087
74
110
51
578
4
35
5
12
2
31
11
3589
98572
55
102
0
34
0
13
149
2745
0
107
105
213
1106044
32
131
173
47
32
289109
33
62
110
125
150
30798
545653
363
27
72
19
34
813
61
81
33
94
174
111
9
125
216
44072
101
146
150
18
4
30
390
101
38
49
70
100231
220
42
395
463282
42
12049
68
131241
1
1
28
32
298
326
18
22
1205
390612
18216
108
88
515
1263
32
126
11
4
7
252
53
230
41
183
9
10740
109
275
150
219087
39
8
93
365
271
1
292
33
114
11
10
4846
60
144
73
0
21
0
30
0
71
13
0
45
13
125
0
2
0
83
4088
110
353
40
8
6
1810
62
5
128
28
747
15
7
75
1019
191
155
2894
1
65
319
24
12
102
1665
2
0
234088
172
152
48
10
22503
10
108
22229
164
0
65
1
213984
15561
323
0
37
2443
171781
133
63
118
30
207
0
81
22
2
12
0
99782
1
21524
103
82
24
434
67
2000
1
60
55
3068287
282
195425
29
1169
89
12
0
173
0
12489
4
323087
55
416
0
53
1
663
1211
9
49
32
146
202264
1032
50
7
0
2017
2621
109
43
63
35770
0
41
108
1081
1102
129
54
34
26
80
123
13
21
90
1
3576
2
344
272
406
64
258
10
26
53
15
258
109
15
70
16
9
315
0
14
9354
205
653
237
13127
4
0
92
268
111
72
77
0
1
19
20222
64
117
2
2510
0
83
101
0
62
19
158
97
7
0
1
98
64
18
1579
0
397
0
36
1
672
50
1236
85
11
240
174
7
1045
15
1244
14
89
112
77
180
901042
70
669
351
225
944
357630
24
99
34
1741
6
338
66
20861
24
60
107
24
205
5
119
40
62
102
100
108
0
31
510968
50
30
2
2
0
163
60490
114
67
166
21
78
323
1049
1523685
11330
18
94
2
159
239
342
22
105
293
103
699
1
163
118
1
374
161
91736
115
50
73
1317
211
79
115
224
10
242
110
2594
129
91
1968
1
0
404
103335
72
15
29
97
122
15
415
626
111
112
83
86
1289
21163
180
1626
3
8
348
67
68
159
450
145
98
160
9929
12474
17281
71
48
80
1
16
83
315
49
245
279
48
20520
89
0
9
0
77
99
12077
90
99
0
98
2077
11
75
77
0
101
17
28
6
5120
34590
114
120
180
7381
38
29
12441
194239
10863
94
0
95
1203
136
95
56819
75
1
176
109
103
2
238
164
413
6907
37689
430
1505
111232
7784
135
4566
98
264
95
2064
1577
4116217
23
1083
33
416953
0
270
44
0
28
39
683
509
25
28
4034
20
0
0
387
304
39
47
100
0
0
65
1532
675
5895
10
25
0
68
101
353
45
2298
30
5070
23
1191
157
1111
303
9809
711
6343
10752
181
1553
8
0
52
428
19
1588
222
8
106
110
101
1169
103
382
9
70
0
187
3
180
233085
13
129
142
116
203
0
609
2
110
101
2295
16
183
851
114
48
20
131
58
134
343
75
48449
252408
130699
19
540
18
3
74
0
0
2027
9
1793
111
0
0
0
101081
45
42
5071
746
2033
1417
32230
0
25
65
2097
1
154
1673
192
166
79
0
0
1
107
186261
29
20
78
1
128
140
0
38687
110
151
7
81
0
40
3
4353
3
1915
48
114123
68
162348
129
89
110
30
994
2709
18
3
0
625
19689
11
11131
30700
19
381
182
182
15
211994
20
528
12361
288
2977
18
37
2
0
2922
1012
95945
0
246525
28
101
95
374
2099
656
2119
137
2519
45
111
1088
36
269
934
107
2380
7
278
68
138
129
527
70
1921
150
139
1087306
12
152
61
0
286
0
28
20
108
77
348
0
5
3
163
2
11
208
288
85
30
440
0
2
1020
1159
52
60
115
2906
38
2169
1834194
2
143
213
53
622752
21
54
334
114
104
3
36330
145
90
13
9
174385
2
5
13025
175
300
27
39
3
9477
74
17
184
91
160823
1065
50
109
13
327
1468
8129
174
9
46
1091
43
18
1
210
2
0
18941
30
31
1
34
2
120
1867058
59
588
0
18396
138
0
188
0
154
14
269
85
20208
162
10247
50785
14
3946
0
74
206733
10
69
232
533
57
51
337
76
142
131
3801
2
147
11
440
17
3046
2293
18
178
130
509969
1676
1
3
50
46
40
1297
316062
18
140
10
56
5
284253
158
22
211
11
69
323
1614164
116
834
101
133
1
175
122
78
8
6671
11
1018532
60
6
2777113
93
7
18
583
11
6
6860
407
1545
1074819
6166
211
195
707
116
27
32660
88
0
24
200
46
0
4778
25
0
84
0
411
4979
0
3
964
20957
126
292
0
304
58
16413
20
108
109
11
6
1170
1
1512862
10968
517
954
1627931
125
0
7211
197
101
26347
228
95
43044
931
4550
142
791202
48733
112
151
326
3
1382
0
1876
83684
45
214
125
65
0
541
2
65
49641
1136
125
34
35
20
67
81
233
0
9
1966793
1629
31309
31
119
170
109
27
1250
34
48
126
9
10721
43
7
0
36
280
661
88
121
133
130
57
1405
35
0
87
433
15
65
44
16
163
211357
94
465
32
1
1028
11166
470
7
0
96
13904
476
40
158
65
0
404589
175
41
15
0
94
63
117
3
6
60
203
69
44
7
154
55
0
4
83
43
1909
7177106
119
81
7423
5595
49
918
3
104
189
255
13499
4
13921
11197
42
147
265
1048
326
43735
135
62
10860
305
1026
5488
34
38212
97
460
176
2
1
7133
1092
121
300
85
0
134
7
50
990
240
361
0
403
78
10766
21342
117
296
919
6
113
109
28
657245
2975806
3
484430
232
50
124
5536
110
31031
15
19
10
170
241
60
118
84
0
676
1371
6
21
61
67
504
64
0
150
18467
49
2562
1835
210
7
9
8
11
224
99
125
54
163
58796
97
15503
0
1
1100
1687
34
31
2095
1083
10
244
9784
292
1342
421
21
982
100
67
23
62
68
610
34
42
437
226
128
32
15996
343
4746
205
266
1070631
212
25178
3
118
116
14
211
2659966
21
13
17660
1118
16
1674
187
51545
741
1
1534
260
48
275
10352
61
0
99278
0
16
630
2
84
110773
2
1273
127
52
16
137
88171
557
1915
5
955
784997
10504
2
10
53
0
20
3903
10200
2
56
14
12
534
0
0
136
2413
0
13
234337
86
3679
109
120802
0
126
868577
4261
234
1497
1268
1
300750
1258
16
2906
359
41976
8
12
1
1161839
903
384
13252
160
881
0
1417
37
636
220
92
217
258
6370
123
9
1285
288
1
999673
455065
226
137
146
0
1431
3
12924
24438
9
27
28
225
1466
16592
109
11
21
25
283
176
6976
137
1397
324
4947
76
238
49
159
615
17
1270
226506
1292
122
132
0
19
126545
92
19
156
0
1482
9
51
109
223
328
1105095
1009
93
1149414
477
1310
13
267
13
149
192
83
175
193
105
8
40
68
1054
67
0
57
8548
459802
5
26
30925
355652
54
62
2736
143
0
0
395
1
46
87
0
55
155
211603
0
142
244
27
0
2228166
128
55
5039
131
179
13
81
0
40
35
556
1
10374
57524
322
106
45
1781
34
82
0
101
124
42
822
60333
23
14
214
551249
14099
212
222
4
8378
694
29
209
10160
6
5716
89
7
60
175
77946
5
29
111
110
520
1754
18
12334
32
66
0
1749
0
301
63
0
859
982928
262
76
42
506
0
214
1368
1672
0
1047
4270
2
40
844
5
123
0
2
30
0
456
173
106
267580
3
69
616851
285
27
27
12089
287
17
34038
366
107
714738
17
102182
130
85
1630
1918
44
199
0
3
41
124
0
0
202
3
17
14725
2176877
25
6
12193
344975
11
1101
20297
218
411
38
8
6
84
36
377
462
368
56
6
35
28
428922
195
7044
133
98
31
53
9996
139
1089
196
129
91834
20428
5
381150
3609
815296
32
14
2672
68
22
42
143
25
65
31
0
117
356
26
0
27
23
1189
10047
56438
785
3759
121
0
71
118
71
34
43
378
19
321
74
1
17046
23
1225
146926
15277
38
117
155
38
71
29
31
491
78
103
55
12
57
75504
1105
414801
198
21
4235
3
20
505
45
129
149105
73
5953
25
5
1
2
154
360
4921
110
969
1145
106
163
3
6
14
7729
9
39
7
0
11626
89
33
20
8
100
7288
459121
606719
149
28
25
88547
64
183
261
342
36
65
136
179
183
6
386
114
102
159
2
11071
884
10254
123258
12
29301
0
8
5
125
1164
23
26
131
138
9
1
0
12031
515
42
0
138
2
0
246
83
1
1304
22300
4
39012
533
88
615
607
11
131
1587
1017
3915
1130
18
41
952
112
0
138726
94
35
358
1141
22
8
0
301
40
3276
1239
376
174
81
395
140
88
30805
32618
1562
1728997
1440
147
204
59319
52060
251
18
234269
1112
103
269
125
150
39
111
784706
1122
4
27
0
220
32
109
71
67
983
11434
3
335
862
25
1
0
49
6
10
1269
132
1087
5
109
52
4
52
39
0
312
9714
174
103
130
41
1881
25
105
10
90
24
348
1007
17
683981
330
16
3
145
4166
13
157
169
10687
680
132
75
29
103471
81
1321
5
39
4356
1123
24
6
97
629
325
1
97
71
9
857237
65
5180
9
1559
607
84
579
13321
8796
74
22
2
249
382
10
71
128
31
319
0
26
40
0
0
6
3
82
175
795
6
119
0
280
0
226
119
1083
121
46
0
56
12
21887
411
30
85
16
9088
696032
0
92
0
136081
137
2836
33
35
115
11551
5
417
180
279
308
82
0
1392
31
15578
140
11
13
859529
12
408
139
114
10208
9
687
99688
58
981
194
7377
96
41
0
124
0
370
1812
148
174
4
117
0
1225
696477
173
140493
16
68
95
187
14
139
50
211
381
118
138
599
13
95
43
80
422
226081
9
1065
4577
6
156
9
119
11
0
2078
53
1631
9257
13
158
50
620
7
1012
10
49
121
20
159818
72
10
1236
3724
4
1381
35
176
1017537
30
81
27
429467
51
178
3800
1135
929
293
96
0
1
21
14408
698
115
99
0
74
3829138
1
1
6
49
0
2
97938
236
96
0
3
61
16523
212
2400
16
35
121
195
10
135
12
0
11
117874
124
665
243
3
4442
132
151
14353
20430
2
5
110
15
220
0
192
252
59
33
14
3
38
347
0
45
2
19
32749
118
1570
2120
2193
1409
163
427387
13
4128
12
40575
41
11
2195
334
134
73
0
4
47
1
454
131
224
335
87
102
19
1
230
72
523
653
74
10
101
80
4
18
2
265
10
37
0
43
32
0
16
124
100
3
36
25
2
28
172
298
78
2584
317
257
22
109
592
291
3862
36
6079
109
69245
1259
431
81
4
13215
1234433
1148
62
96
15
150
261
7
17
1
37
158
40
1031
1128
108
658
1171
335
3
111
44
7
34
1555
141
605
674
2
30
27
19678
159699
93
72
122
2
2
143
289
165
18
78
42153
1
51
37
12001
109
83
61
24
166
1134
212
4
4
129
6
8975
38
12612
24956
467
0
510
21
40
1
20762
9
0
358096
45
384
98
156
0
39
133
35
4345
94
79
39
20
450
887
85
15
119
510
9
6778
366513
25
4607
2
105854
278
285
0
90
128
0
215
21
20
62
112
2619
1581
1693
349
11994
355
82
5
153293
173
35241
141
1
202
151
1
11
143438
68
39
0
58
73
2217
97
14784
102
241
82
26
40
636847
13
54003
1892
155845
4
32223
323
0
166
22898
84
117
30
2396
2
6
0
3924
153
779642
313
50629
89
193
0
90
0
8911
78
187
1077630
292955
53
203
73432
0
53
0
115
0
1
10
0
671
0
749
21
3027
122
99
154
121
107
73
0
1260528
0
17
0
290
56
16576
32
108000
218
155
197
284
39
173195
1168
3
145
508
19
44
635
30589
88
53
63
13
16
4211
136
660
2
111
102
404
211
64
13396
0
50
168
46
593
4643
223
0
305
4447
96
10
105
236
139
1117
0
79
68
1315
41
96
54
5
3172
19
1965
58573
24327
5
57
81
289
62
419
4972
31
38914
15
0
1189
15
0
2450
0
11
2
2
19
131
105486
177249
44
8
17322
106
3707
76
98
595
93
58
249
1
362
4
27
80877
184
11
1036
46
0
1102
10582
0
0
58
1207345
133
21
539550
0
0
37
30764
54
2425
0
2560
53
0
53
95
0
110
61
757
0
53
1
1252
252
84
117
177
4
1
3878
29855
306
0
119
52
392
427
63
92
2852
111104
359
1528
251
377
0
26
10244
5
33642
148
2
1
1148
3
27
0
258
5978
4
284
75
10
123
2
235
0
167
31
0
64
2840
0
304
428
26
0
7
608
119
3063
25
54
79
78
11647
33542
8154
0
79
1
145
63
30
0
3583
939
471
0
369
0
0
9
0
0
38
286
114
8
16
19
0
15187
1
52
5
12961
125
391
0
13
2
0
0
137
0
5
32
226
39
2
156
45
28
14
108
4
128
114
95
15
26
8
10
123
31
115
0
23686
5
0
1
24234
5
491
65
675
0
3
368
119
3512
9
49
2144963
1
202496
110
2636
3
409
1369
277
17
134
47
95
100
147
93648
676
1
14
131618
130
53
730
149
101
102
316
33
1
3079
873
4
87138
122
1968965
113
520
69
82
257
0
3414
178
44
83
0
76
55
275
92
9
1
104
11330
604
2
180
42
39
14
3
144
0
11013
105
154
74
79
23
387
264
1
1
174
6
0
421
79
471
169
50
123
2
25
77
10189
4
49
4753
4
113120
1573
2
0
179
413
3
66
113
62
76
1
44
8
85
37
54
1128
9
4603
11102
6
204
10
40
82
69
56
132
727036
19268
124
2734
0
321
36
186
509
6
102
27
79
50
0
457
213
78
16
129
28
1219
11034
24
131
22
58
172
31
9
3097
8880
78
122
453
126
568
0
202
25576
779
43
102
99
55
114
347
103
2
70
75
90
15375
290
118
458
64
0
309
0
397
181
130
74
74
35
48
648
6
282631
59
705
97
64
10604
61
17
102858
160
1786
465
3
1246
172
59
193763
857
4
260
57
30
119
26
36
1698
8
378
98
7
105
10546
740
29
82
15756
57
41
12
60
966
119
159544
300
73360
487
43
60
16808
21574
116
1830
3
495
7282
34
175
3
167
134
0
103
10
78
82
179
4672
654
0
32
111
0
6
1778
168
1388
1107
25181
0
2316
87
29
0
64
0
86
237
48
130
3
48
0
31
154
111
1754
4
134
95
52
0
805344
1
30
17
44
112
34
124627
35
81
65
180
115
35
20
104
12
36
3519
102522
23
5344
267
4
127
262
123
73
134
2505
100
13
27
761
1038
1737
57
1
9
126
4
7
131
57
4088873
513
0
1734325
100
96
1
10
37405913
73
58
0
7
154
454
1232437
31
0
120
44
59
7565
383
41
127
7
169
6
99
56
382
24
3
352
1
28
90
26
25
1479
26
5983
33007
137
3156
3
1165
2
34
6458
174296
66
56
1970578
308
546
5
71
13
1272104
473
24
3127
58
44
100
233
397
76
292
30964
10
0
29
37
64
133
1876
1172
21
1
15
15
64
22
7
100
55
268
188
17
959
236
231
41
9
238
0
1185
165
474985
1
39
4123
33
121
27
167
123
1106
941
0
32
89
3950
2285
17
0
23
0
1155
84
0
42
1854
15
438403
2
295
154
36
1791
120
89
11048
126
25
11
109
181068
164
203
55
639
348
421
827
1488
125
0
1753
2
0
77
108
20
25
3460391
1
18409
66
285
14398
2
15868
1762
170
29
89
200
862
10572
108
11
104
102
1123
2274
1100
0
49
204
121
27
277
81
25
0
249
51
89
240286
574
55
313
16899
449
241
476
11477
5287
191
623
139057
5
9
1689
1858
12
29
6
108
165
31
165
39
189
112
5596
178
12
65
378
11
3259
181
994
28
12
127
347
2136
6
111
1
163
169
6
902
10
610
91
5827
1776
334
9
94
29
108
22
1
442050
161
11899
238
422
401
0
211
108
61
67
1309
12
31
66
16580
247
1007
1065
5873
10
1090103
646
3441
51588
2
56
22
510
147001
83
51
772
4
105
268
1149
321
77
1
138548
221
160
3
4
2097
8
5994
5
99041
1428
165
155
6
40
16
72
1
66
16
63
386
23456
122
2
26711
1027
112
8473
304
123
213
0
54
17
38
42
31
5
65
102
1040
35
60
13
35
7
32299
1767
349
7
1
68
6
4
1152
602
49
382
6536
3313
59
166
11
366
208
106
1323929
1514651
1217
47
77100
291
253
99
38
306
11
4877
215
12812
435
9
222
50
2
153
9
47
236
56
141
186
614
1
441
11
3
106
30
352268
33
130
649
74082
12
71
64
67
35
284
158
1538020
4004
3
3
23
153
445
726
45
85
6
1
2299
2
10
77
58
579
23
60789
566
108
603
51
421
856
0
1476
3
80
102
4168
35
5
26
10
512
56
40
275
273398
38
25
14
4
60
76
70
25
506
6
124
126
366
115
319
136
0
3997
1105
230
1
206
350
30
7
173
49
106777
262
1135
52
44
4
131
111
25
757329
576
45
4545
80608
107
117
11
57
2408
101
608028
1766
0
75
60
11500
1120
60
137
66
153
1086
4
69
39
22
61
56
119
296
33
3
233
104
6897
228
109
41059
167
70
66
33
8867
99
0
161
134
1102
3893
34470
128
163
28
0
72
60
52
219881
1
0
0
65
45
29778
401
79
21
1225
554426
1139
70
9
0
83
28315
40
17
80
675
473
82250
2
8
32
960
9010
0
1034791
10
59
1236
644
63
54
173
161
18
6
963
191
134
132
0
146
20
2056
240
5
0
111
165
668
1595
194
4
11
172
376
56
10
147
86
1052
171
2148
149
927
19
50
0
72
132
2000
60
2
149
459
163
126
259268
35
384
18
77
6
1
117
0
10
6194
398
0
162
29
2570
185755
0
8
0
16
2613339
286
33
37
14003
1
1968
0
400
203
408
27
179606
16
139
6197
1002
8739
11
10499
17
823
0
1102
287
39
1744
1167
64
6
243
86
45
36
112801
653
1131
0
17
28
0
1612
357
63
6
1303
3
6
4972
123
0
0
1628
8754
71
168
199
198
43
27
49
3
142
376
191
29
121
10564
33
0
116
522
50
66
1
34
22
7170
0
17
2864
55
1297
0
651
33
828
109
205
1094
266
39491
365
25
346
32
5
162
1475
27
347
8813
2464
0
61
0
37143
101
152
190
30
4731
6
2
0
98
457271
0
52
4
41
194
12
22
39
34
11962
83317
51
38
29
258
352
214
9
60
19
1003
0
1
282
0
235
658
0
212
8
12
7
2
1888
63
22624
19
0
14
158
29
80951
171
4
160
10
56
33765
17487
3
46
110
15
113
62
21
163
8
65
48
1132
131
124743
799
178
85
111550
0
27
3133
439
35
130599
29
246
5
9
22
405
27
7
177
837
124
28
133
0
27
24473
408
79
1
1699
16306
989
55
49
535
3
36
138
338
142
437
0
746
7
0
59
117
69
111
524
140
21
72
1
4
4606
28
197
114058
18896
15
599
13
88938
3
117
211
30
121
10949
561
417
37
938
69
205
10
132372
169
47
124290
0
813401
1035
31
119
0
423
170
10
163
164
37
94
5
55
133
33
44
8
66
1867
2
212
1542
19
0
10171
46
17
7
197
0
23540
72411
431
68
80
286
88
16
37
24
4947
0
326284
83785
0
1
2
19
14
89
532
14
138
1991
123
0
760
27
74
38
2728924
47
8917
3067
10
1
98
133
21
93
88
2549
246
15
108
197
0
82
174
20000
45
108
26
200
81
140
45
74
79
0
145
32
0
54
11
264
498849
74
21152
559
614
135
419
74
4028
107
44
718
245437
395
1336
765
14
182
16
65
61
73
11
1
912
63812
3088
106
371
1699
21
0
5
10
51
381
199
3
461
52
17
5
51
154
53
144371
39
16
6367
200
305
93
146
80
53
20
322
136
53
565
0
60
150
1333
1817323
2225
76
3
133
19
243
2540
414800
5599
1
16
49
17
176
24732
49
9436
154
1439
2
2450
220
203
122
33
12
255
6
52
139
10
31
2367
17
58
465
30
10344
51
61
28
3
12
10
78
0
29
159
16
136
22
0
59
65
75
27
74
38
0
15
13
1103
3
0
131
20
2624
9036
4
33267
0
1
18
267
99
13
38
79
30
62
44
860909
28
64
3
221
526
10142
81
1
3
0
2276
22
1580
19
119
1
94023
175
340
51
57
1
9472
86
1283497
33
122
273157
2
226
346
163
44393
622
13
30746
15
292
381
74
185
16713
46
30687
113
14827
0
171
113
426
88
1
128
93
218
2058006
72
13
20189
118616
95
63216
1
3
82
164
20
18
7
588
121
40
32850
103445
721
3033
2086
77
482
460
6223
1969
30
130
534974
20
3665
0
311
23
204
196
366
241
44
93
3632
423
0
15
0
590
39325
1
808
796
22
141
6
47
262
22971
46
2
0
45
61
317
30
161
39
20
0
140
1509
129
95
237
45
0
172
1
66039
527
9817705
85
160
25
211
124
870
30
4659244
1939
51
140
3185
27
27
3331887
20
4
1396
138
197
58
32124
343
73
31
367
6
9
67
20134
24
586
53
355141
226145
2
31
17
5022
17
19
879
131
24
235
217
1157
76
488
0
134
153
16
219
745
2556
1160
4854
6353
111505
77
165
13
40
105
38
1036
271
242
188
26
1
2216
262
203445
6
70
11157
227
80
256
415
454
290
108
48
12312
1079
773070
131
158
40
527
3
4
1
0
14
18
28
85
114
1
0
29
12
16983
0
30
249
97
1134
1
24
163
198
35099
10735
75333
13
96
1192
1
10
166041
12
45
116
67
2359
15
556
208
18124
1
8561
89
0
0
3361
39
83
34
4674
0
30
238
13
12
285
149
24
13
116
7137
85
19
155391
1063
8
24
72
3
1
1
349
1
320
95
188
729396
33
55
5
92
146
10
96372
291
1
10998
163
718
20
42
58
6
500693
72
118982
78
1116
7114788
97
0
82
33
117
2
81
1614564
68
23
0
168
420
0
2
17
604565
0
1180
181
26973
23389
40
865
29
32
10
676534
48
28146
193
28745
61
63
3
231
58
37
19
291
434
143
111
25
64
143
136
71
156
270
6273
209
86041
16
64
14
62
7100
87
18
197
765
18758
188
6
108
173
1859
0
95
205
8
1
9771
10
136
10337
64
76
90
6
12
91
552
90
3473
2483
113
139
57
613
75
321
0
7
92
1480
11
1
7847
1490
1614
6
294
2095
56
77
53
1048
13
1139778
6
0
536
8
165
85
463
11
983
12690
30
120
78
7
152883
17
0
1493
678
13259
8
79
52
303
66
11
5318548
216
65
1
8
1587
167
2
7865
1328
20639
235
0
12
48013
1272
286
116
446
315
10
4986
0
272
1409
454
1
92367
128
0
20
0
10
75
384
1071
83
0
607
958
332
82
549
62
128
1
28
508
204
53
63
1087
49410
38
29
178
17
130
133282
126
10
20
187
364
14946
3
77
30
19
0
9
43
39
83
186
182
63
2585
4
713
71
7
0
7
14
0
24
25
77
4
118
31
1130
117
168
1537
129
936
51
137
73
0
50
3
268
95
1264
1004
77
223
18
0
1333
1041
54
629
78
2
41
1
1551255
143
2
157948
17
261
94
4809
240
79
1153
753
763
17129
95
1
29
22
214
0
34
193468
1921
18
85
29966
246
605
33
295
4946
28
2968
307
44
184
97
6
14261
357
99
4
15
25
0
98
172
190
392
32
123
10435
54
120
745
1
6
1
1
3
337273
19442
27
352
55
4044
106
0
50
1144
4
191
9376
178
74
0
